.0 38;5;94
.1 38;5;164
.2 38;5;159
.3 38;5;90
.4 38;5;142
.5 38;5;174
.6 38;5;184
.7 38;5;164
.8 38;5;205
.9 38;5;193
.a 38;5;81
.ad 38;5;108
.adapter 38;5;88
.adr 38;5;175
.afm 38;5;188
.ahx 38;5;163
.al 38;5;125
.alias 38;5;170
.am 38;5;18
.as 38;5;112
.asm 38;5;105
.au 38;5;72
.aux 38;5;173
.avi 38;5;208
.awk 38;5;73
.ax 38;5;61
.bash 38;5;174
.bat 38;5;23
.bin 38;5;134
.bm 38;5;209
.bmp 38;5;160
.boot 38;5;208
.bs 38;5;159
.bz2 38;5;136
.c 38;5;114
.cache-2 38;5;209
.cache 38;5;112
.cc 38;5;126
.cf 38;5;36
.cfg 38;5;183
.cgi 38;5;172
.channeltable 38;5;64
.class 38;5;187
.clilibs 38;5;20
.cm 38;5;185
.cmd 38;5;225
.cmi 38;5;89
.cmx 38;5;71
.cnf 38;5;147
.com 38;5;35
.conf 38;5;223
.conffiles 38;5;35
.config 38;5;63
.country 38;5;154
.cpp 38;5;139
.crt 38;5;127
.c_shipped 38;5;141
.css 38;5;164
.csv 38;5;27
.c,v 38;5;91
.cvsignore 38;5;53
.d 38;5;129
.dat 38;5;67
.data 38;5;65
.db 38;5;196
.dd 38;5;65
.deb 38;5;182
.debian 38;5;83
.debug 38;5;139
.def 38;5;219
.desktop 38;5;109
.dic 38;5;228
.diff 38;5;164
.dir 38;5;36
.directory 38;5;58
.dll16 38;5;203
.dll 38;5;151
.doc 38;5;228
.docbook 38;5;91
.dot 38;5;183
.dpatch 38;5;109
.dsym 38;5;61
.dtd 38;5;228
.dts 38;5;120
.ecore 38;5;194
.egg-info 38;5;189
.el 38;5;77
.em 38;5;150
.en 38;5;133
.enc 38;5;210
.ent 38;5;108
.entities 38;5;205
.eps 38;5;41
.erb 38;5;52
.ex 38;5;147
.exe 38;5;172
.exp 38;5;47
.expected 38;5;39
.exsd 38;5;196
.fdi 38;5;171
.fig 38;5;86
.flac 38;5;190
.flv 38;5;61
.fon 38;5;109
.freedb 38;5;40
.fun 38;5;181
.fw 38;5;43
.gddb 38;5;87
.ggr 38;5;107
.gif 38;5;218
.gitignore 38;5;212
.glade 38;5;198
.gmo 38;5;65
.gpl 38;5;165
.gym 38;5;76
.gz 38;5;46
.h 38;5;78
.h-data 38;5;191
.hints 38;5;158
.hlp 38;5;174
.homepageurl 38;5;193
.hpp 38;5;186
.hst 38;5;81
.htm 38;5;72
.html 38;5;86
.i 38;5;144
.ico 38;5;29
.icon 38;5;166
.ics 38;5;108
.idc 38;5;62
.idl 38;5;64
.ids 38;5;178
.idx 38;5;82
.ilx 38;5;191
.ilx64 38;5;167
.in 38;5;28
.inc 38;5;118
.inf 38;5;31
.info 38;5;77
.ini 38;5;97
.initialvolume 38;5;141
.ipp 38;5;104
.it 38;5;161
.jar 38;5;117
.java 38;5;175
.jpg 38;5;63
.jps 38;5;57
.js 38;5;29
.jsp 38;5;64
.kcfg 38;5;127
.kdevtemplate 38;5;38
.keyboardlayout 38;5;115
.kml 38;5;73
.kmz 38;5;18
.ko 38;5;219
.kss 38;5;30
.l 38;5;228
.l64 38;5;46
.la 38;5;76
.lang 38;5;188
.lck 38;5;151
.ld 38;5;120
.lds 38;5;116
.ldw 38;5;218
.list 38;5;227
.lit 38;5;172
.llx 38;5;223
.llx64 38;5;53
.lm 38;5;132
.lng 38;5;82
.lo 38;5;65
.load 38;5;198
.log 38;5;101
.lsm 38;5;79
.lsp 38;5;161
.lua 38;5;160
.m2i 38;5;79
.m 38;5;72
.m3u 38;5;95
.m4 38;5;182
.manifest 38;5;101
.map 38;5;103
.md5 38;5;107
.md5sums 38;5;34
.mf 38;5;65
.mid 38;5;162
.milk 38;5;115
.mk 38;5;98
.ml 38;5;176
.mlb 38;5;212
.mldoc 38;5;93
.mli 38;5;145
.mo 38;5;140
.mod 38;5;143
.mp3 38;5;208
.mpc 38;5;147
.msg 38;5;172
.nfo 38;5;216
.nfont 38;5;101
.nse 38;5;40
.nsf 38;5;103
.o 38;5;67
.odt 38;5;149
.ogg 38;5;141
.old 38;5;228
.omf 38;5;191
.order 38;5;51
.otp 38;5;135
.ots 38;5;191
.ott 38;5;71
.out 38;5;74
.pas 38;5;83
.pat 38;5;80
.pc 38;5;75
.pdf 38;5;52
.pem 38;5;211
.pfb 38;5;30
.pfm 38;5;42
.pgm 38;5;60
.ph 38;5;88
.php 38;5;142
.pl 38;5;204
.plist 38;5;212
.pm 38;5;172
.png 38;5;190
.po 38;5;108
.pod 38;5;73
.policy 38;5;127
.portalurls 38;5;146
.postinst 38;5;122
.postrm 38;5;194
.ppd 38;5;194
.ppm 38;5;79
.preinst 38;5;36
.prerm 38;5;25
.properties 38;5;219
.protocol 38;5;215
.proxylist 38;5;22
.ps 38;5;57
.py 38;5;190
.pyc 38;5;24
.py,v 38;5;198
.qm 38;5;177
.rar 38;5;231
.rb 38;5;164
.rc 38;5;97
.rd 38;5;206
.rdf 38;5;215
.reboot 38;5;231
.res 38;5;127
.rsa 38;5;30
.rst 38;5;126
.rules 38;5;44
.s 38;5;66
.s3m 38;5;190
.sample 38;5;139
.sap 38;5;213
.sc 38;5;36
.schemas 38;5;92
.scm 38;5;192
.sd 38;5;195
.sed 38;5;60
.sf 38;5;55
.sh 38;5;130
.shlibs 38;5;90
.sh,v 38;5;205
.sid 38;5;146
.sig 38;5;208
.sim 38;5;44
.sml 38;5;80
.so 38;5;122
.soc 38;5;99
.sol 38;5;132
.sql 38;5;73
.src 38;5;148
.st 38;5;58
.standbyled 38;5;158
.stats 38;5;49
.status 38;5;213
.stderr 38;5;37
.strings 38;5;190
.sunwcch 38;5;93
.svg 38;5;31
.svgz 38;5;34
.svn 38;5;40
.svn-base 38;5;189
.swf 38;5;227
.swg 38;5;20
.sym 38;5;107
.sys 38;5;115
.t 38;5;23
.tbl 38;5;182
.tcc 38;5;52
.tcl 38;5;92
.template 38;5;65
.templates 38;5;89
.tex 38;5;112
.texi 38;5;54
.tga 38;5;89
.til 38;5;129
.time 38;5;196
.tmpl 38;5;85
.toc 38;5;98
.torrent 38;5;230
.tst 38;5;179
.ttf 38;5;18
.ttf,v 38;5;116
.txt 38;5;92
.ui 38;5;227
.uilanguage 38;5;142
.uo 38;5;31
.upd 38;5;164
.upp 38;5;108
.utctime 38;5;96
.utf-8 38;5;132
.utf8 38;5;98
.vcproj 38;5;103
.ver 38;5;231
.vgz 38;5;136
.vim 38;5;152
.vtx 38;5;122
.w32 38;5;24
.w64 38;5;66
.wav 38;5;209
.wma 38;5;193
.x 38;5;123
.xba 38;5;43
.xbm 38;5;26
.xcs 38;5;96
.xcu 38;5;196
.xhtml 38;5;38
.xm 38;5;112
.xml 38;5;209
.xpm 38;5;133
.xpm,v 38;5;86
.xpt 38;5;46
.xsd 38;5;117
.xsl 38;5;50
.xul 38;5;45
.yaml 38;5;18
.ym 38;5;89
.yml 38;5;206
.zip 38;5;192
.zpts 38;5;124
