# audio
.mp3 38;5;161
.ogg 38;5;168
.wav 38;5;173
.flac 38;5;176
.mpc 38;5;206

.mid 38;5;126
.mod 38;5;133
.xm 38;5;128
.sid 38;5;141
.nsf 38;5;171

# video
.avi 38;5;21
.mkv 38;5;24
.m4v 38;5;24
.flv 38;5;43
.wmv 38;5;44
.mpg 38;5;55
.mp4 38;5;57
.mov 38;5;69

# images
.png 38;5;82
.mng 38;5;82
.jpg 38;5;70
.jpeg 38;5;70
.gif 38;5;154
.bmp 38;5;192
.svg 38;5;223

# archives
.gz 38;5;196
.tgz 38;5;196
.bz2 38;5;202
.tbz2 38;5;202
.lzma 38;5;208
.tlzma 38;5;208
.zip 38;5;216
.jar 38;5;216
.7z 38;5;217
.rar 38;5;222
.ace 38;5;222
.tar 38;5;226
.rpm 38;5;219
.deb 38;5;225

# other
.pdf 38;5;166
